> 4
- 1, 1, 1
O; 0, 0, 0, 0; 1; 0; 1, 0, .8 .8 .8 / 1 2 3 \ .3 .3 .3 \ .3 .3 .3 \ .3 .3 .3; 1;
x; 5, 0, 0, 0; 1; 0; 1
y; 0, 5, 0, 0; 1; 0; 1
z; 0, 0, 5, 0; 1; 0; 1
w; 0, 0, 0, 5; 1; 0; 1
5; 1, 1, 1, -0.4472135955; 0; 1; 1, 8, .2 .2 .2 / 6 7 8 9 \ 1 0 .5 \ 1 0 .5 \ 1 0 .5 \ 1 0 .5; 2;
6; 1, -1, -1, -0.4472135955; 0; 1; 1, 8, .2 .2 .2 / 7 8 9 \ 1 0 .5 \ 1 0 .5 \ 1 0 .5; 2;
7; -1, 1, -1, -0.4472135955; 0; 1; 1, 8, .2 .2 .2 / 8 9 \ 1 0 .5 \ 1 0 .5; 2;
8; -1, -1, 1, -0.4472135955; 0; 1; 1, 8, .2 .2 .2 / 9 \ 1 0 .5; 2;
9; 0, 0, 0, 1.788854382; 0; 1; 1, 8, .2 .2 .2
