> 3
- 1, 1, 1
O; 0, 0, 0; 1; 0; 1, 0, .8 .8 .8 / 1 2 3 \ .3 .3 .3 \ .3 .3 .3 \ .3 .3 .3; 1;
x; 10, 0, 0; 1; 0; 1
y; 0, 10, 0; 1; 0; 1
z; 0, 0, 10; 1; 0; 1
4; 0, 1, 4.854101966249685; 0; 1
5; 0, 1, -4.854101966249685; 0; 1
6; 0, -1, 4.854101966249685; 0; 1
7; 0, -1, -4.854101966249685; 0; 1
8; 1, 4.854101966249685, 0; 0; 1
9; 1, -4.854101966249685, 0; 0; 1
10; -1, 4.854101966249685, 0; 0; 1
11; -1, -4.854101966249685, 0; 0; 1
12; 4.854101966249685, 0, 1; 0; 1
13; 4.854101966249685, 0, -1; 0; 1
14; -4.854101966249685, 0, 1; 0; 1;
15; -4.854101966249685, 0, -1; 0; 1
16; 2, 4.23606797749979, 1.618033988749895; 0; 1
17; 2, 4.23606797749979, -1.618033988749895; 0; 1
18; 2, -4.23606797749979, 1.618033988749895; 0; 1
19; 2, -4.23606797749979, -1.618033988749895; 0; 1
20; -2, 4.23606797749979, 1.618033988749895; 0; 1
21; -2, 4.23606797749979, -1.618033988749895; 0; 1
22; -2, -4.23606797749979, 1.618033988749895; 0; 1
23; -2, -4.23606797749979, -1.618033988749895; 0; 1
24; 4.23606797749979, 1.618033988749895, 2; 0; 1
25; 4.23606797749979, 1.618033988749895, -2; 0; 1
26; 4.23606797749979, -1.618033988749895, 2; 0; 1
27; 4.23606797749979, -1.618033988749895, -2; 0; 1
28; -4.23606797749979, 1.618033988749895, 2; 0; 1
29; -4.23606797749979, 1.618033988749895, -2; 0; 1
30; -4.23606797749979, -1.618033988749895, 2; 0; 1
31; -4.23606797749979, -1.618033988749895, -2; 0; 1
32; 1.618033988749895, 2, 4.23606797749979; 0; 1
33; 1.618033988749895, 2, -4.23606797749979; 0; 1
34; 1.618033988749895, -2, 4.23606797749979; 0; 1
35; 1.618033988749895, -2, -4.23606797749979; 0; 1
36; -1.618033988749895, 2, 4.23606797749979; 0; 1
37; -1.618033988749895, 2, -4.23606797749979; 0; 1
38; -1.618033988749895, -2, 4.23606797749979; 0; 1
39; -1.618033988749895, -2, -4.23606797749979; 0; 1
40; 1, 3.618033988749895, 3.23606797749979; 0; 1
41; 1, 3.618033988749895, -3.23606797749979; 0; 1
42; 1, -3.618033988749895, 3.23606797749979; 0; 1
43; 1, -3.618033988749895, -3.23606797749979; 0; 1
44; -1, 3.618033988749895, 3.23606797749979; 0; 1
45; -1, 3.618033988749895, -3.23606797749979; 0; 1
46; -1, -3.618033988749895, 3.23606797749979; 0; 1
47; -1, -3.618033988749895, -3.23606797749979; 0; 1
48; 3.618033988749895, 3.23606797749979, 1; 0; 1
49; 3.618033988749895, 3.23606797749979, -1; 0; 1
50; 3.618033988749895, -3.23606797749979, 1; 0; 1
51; 3.618033988749895, -3.23606797749979, -1; 0; 1
52; -3.618033988749895, 3.23606797749979, 1; 0; 1
53; -3.618033988749895, 3.23606797749979, -1; 0; 1
54; -3.618033988749895, -3.23606797749979, 1; 0; 1
55; -3.618033988749895, -3.23606797749979, -1; 0; 1
56; 3.23606797749979, 1, 3.618033988749895; 0; 1
57; 3.23606797749979, 1, -3.618033988749895; 0; 1
58; 3.23606797749979, -1, 3.618033988749895; 0; 1
59; 3.23606797749979, -1, -3.618033988749895; 0; 1
60; -3.23606797749979, 1, 3.618033988749895; 0; 1
61; -3.23606797749979, 1, -3.618033988749895; 0; 1
62; -3.23606797749979, -1, 3.618033988749895; 0; 1
63; -3.23606797749979, -1, -3.618033988749895; 0; 1
/ 19 9 11 23 47 43
/ 19 51 50 18 9
/ 19 43 35 59 27 51
/ 43 47 39 7 35
/ 51 27 13 12 26 50
/ 27 59 57 25 13
/ 59 35 7 5 33 57
/ 50 26 58 34 42 18
/ 9 18 42 46 22 11
/ 23 11 22 54 55
/ 47 23 55 31 63 39
/ 7 39 63 61 37 5
/ 33 5 37 45 41
/ 25 57 33 41 17 49
/ 12 13 25 49 48 24
/ 26 12 24 56 58
/ 42 34 6 38 46
/ 54 22 46 38 62 30
/ 31 55 54 30 14 15
/ 61 63 31 15 29
/ 29 15 14 28 52 53
/ 14 30 62 60 28
/ 52 28 60 36 44 20
/ 21 53 52 20 10
/ 8 10 20 44 40 16
/ 45 37 61 29 53 21
/ 41 45 21 10 8 17
/ 60 62 38 6 4 36
/ 44 36 4 32 40
/ 8 16 48 49 17
/ 16 40 32 56 24 48
/ 32 4 6 34 58 56
