> 4
- 1, 1, 1
O; 0, 0, 0, 0; 1; 0; 1, 0, .8 .8 .8 / 1 2 3 \ .3 .3 .3 \ .3 .3 .3 \ .3 .3 .3; 1;
x; 5, 0, 0, 0; 1; 0; 1
y; 0, 5, 0, 0; 1; 0; 1
z; 0, 0, 5, 0; 1; 0; 1
4; 1, 1, 1, 1; 0; 1; 1, 8, .2 .2 .2 / 5 6 8 12 \ 0 0 .5 \ 0 .5 0 \ 0 .5 0 \ 0 .5 0; 2;
5; 1, 1, 1, -1; 0; 1; 1, 8, .2 .2 .2 / 7 9 13 \ 1 0 0 \ 1 0 0 \ 1 0 0; 2;
6; 1, 1, -1, 1; 0; 1; 1, 8, .2 .2 .2 / 7 10 14 \ 0 0 .5 \ 0 .5 0 \ 0 .5 0; 2;
7; 1, 1, -1, -1; 0; 1; 1, 8, .2 .2 .2 / 11 15 \ 1 0 0 \ 1 0 0; 2;
8; 1, -1, 1, 1; 0; 1; 1, 8, .2 .2 .2 / 9 10 16 \ 0 0 .5 \ 0 .5 0 \ 0 .5 0; 2;
9; 1, -1, 1, -1; 0; 1; 1, 8, .2 .2 .2 / 11 17 \ 1 0 0 \ 1 0 0; 2;
10; 1, -1, -1, 1; 0; 1; 1, 8, .2 .2 .2 / 11 18 \ 0 0 .5 \ 0 .5 0; 2;
11; 1, -1, -1, -1; 0; 1; 1, 8, .2 .2 .2 / 19 \ 1 0 0; 2;
12; -1, 1, 1, 1; 0; 1; 1, 8, .2 .2 .2 / 13 14 16 \ 0 0 .5 \ 0 .5 0 \ 0 .5 0; 2;
13; -1, 1, 1, -1; 0; 1; 1, 8, .2 .2 .2 / 15 17 \ 1 0 0 \ 1 0 0; 2;
14; -1, 1, -1, 1; 0; 1; 1, 8, .2 .2 .2 / 15 18 \ 0 0 .5 \ 0 .5 0; 2;
15; -1, 1, -1, -1; 0; 1; 1, 8, .2 .2 .2 / 19 \ 1 0 0; 2;
16; -1, -1, 1, 1; 0; 1; 1, 8, .2 .2 .2 / 17 18 \ 0 0 .5 \ 0 .5 0; 2;
17; -1, -1, 1, -1; 0; 1; 1, 8, .2 .2 .2 / 19 \ 1 0 0; 2;
18; -1, -1, -1, 1; 0; 1; 1, 8, .2 .2 .2 / 19 \ 0 0 .5; 2;
19; -1, -1, -1, -1; 0; 1; 1, 8, .2 .2 .2